,Name,Link,OfficialTitle,BillStage,Date,LegisType,CommitteeName,SponsorLastName,SponsorFirstName,SponsorState,CoSponsorLastName,CoSponsorFirstName,CoSponsorState
0,CHRG-115jhrg32260,https://www.govinfo.gov/content/pkg/CHRG-115jhrg32260/html/CHRG-115jhrg32260.htm,,,,,,,,,,,
1,CHRG-115hhrg28453,https://www.govinfo.gov/content/pkg/CHRG-115hhrg28453/html/CHRG-115hhrg28453.htm,,,,,,,,,,,
2,CHRG-115hhrg28115,https://www.govinfo.gov/content/pkg/CHRG-115hhrg28115/html/CHRG-115hhrg28115.htm,,,,,,,,,,,
3,CHRG-115shrg27895,https://www.govinfo.gov/content/pkg/CHRG-115shrg27895/html/CHRG-115shrg27895.htm,,,,,,,,,,,
4,CHRG-115hhrg25427,https://www.govinfo.gov/content/pkg/CHRG-115hhrg25427/html/CHRG-115hhrg25427.htm,,,,,,,,,,,
5,CHRG-115shrg27829,https://www.govinfo.gov/content/pkg/CHRG-115shrg27829/html/CHRG-115shrg27829.htm,,,,,,,,,,,
6,CHRG-115hhrg27152,https://www.govinfo.gov/content/pkg/CHRG-115hhrg27152/html/CHRG-115hhrg27152.htm,,,,,,,,,,,
7,CHRG-115hhrg34978,https://www.govinfo.gov/content/pkg/CHRG-115hhrg34978/html/CHRG-115hhrg34978.htm,,,,,,,,,,,
8,CHRG-115hhrg32325,https://www.govinfo.gov/content/pkg/CHRG-115hhrg32325/html/CHRG-115hhrg32325.htm,,,,,,,,,,,
9,CHRG-115shrg39879,https://www.govinfo.gov/content/pkg/CHRG-115shrg39879/html/CHRG-115shrg39879.htm,,,,,,,,,,,
10,CHRG-115shrg30600,https://www.govinfo.gov/content/pkg/CHRG-115shrg30600/html/CHRG-115shrg30600.htm,,,,,,,,,,,
11,CHRG-115hhrg33124,https://www.govinfo.gov/content/pkg/CHRG-115hhrg33124/html/CHRG-115hhrg33124.htm,,,,,,,,,,,
12,CHRG-115shrg29840,https://www.govinfo.gov/content/pkg/CHRG-115shrg29840/html/CHRG-115shrg29840.htm,,,,,,,,,,,
13,CHRG-115hhrg32667,https://www.govinfo.gov/content/pkg/CHRG-115hhrg32667/html/CHRG-115hhrg32667.htm,,,,,,,,,,,
14,CHRG-115hhrg25480,https://www.govinfo.gov/content/pkg/CHRG-115hhrg25480/html/CHRG-115hhrg25480.htm,,,,,,,,,,,
15,CHRG-115hhrg34447,https://www.govinfo.gov/content/pkg/CHRG-115hhrg34447/html/CHRG-115hhrg34447.htm,,,,,,,,,,,
16,CHRG-115hhrg32844,https://www.govinfo.gov/content/pkg/CHRG-115hhrg32844/html/CHRG-115hhrg32844.htm,,,,,,,,,,,
17,CHRG-115hhrg31575,https://www.govinfo.gov/content/pkg/CHRG-115hhrg31575/html/CHRG-115hhrg31575.htm,,,,,,,,,,,
18,CHRG-115hhrg30056,https://www.govinfo.gov/content/pkg/CHRG-115hhrg30056/html/CHRG-115hhrg30056.htm,,,,,,,,,,,
19,CHRG-115shrg31534,https://www.govinfo.gov/content/pkg/CHRG-115shrg31534/html/CHRG-115shrg31534.htm,,,,,,,,,,,
20,CHRG-115shrg32266,https://www.govinfo.gov/content/pkg/CHRG-115shrg32266/html/CHRG-115shrg32266.htm,,,,,,,,,,,
21,CHRG-115shrg31637,https://www.govinfo.gov/content/pkg/CHRG-115shrg31637/html/CHRG-115shrg31637.htm,,,,,,,,,,,
22,CHRG-115shrg31330,https://www.govinfo.gov/content/pkg/CHRG-115shrg31330/html/CHRG-115shrg31330.htm,,,,,,,,,,,
23,CHRG-115jhrg27343,https://www.govinfo.gov/content/pkg/CHRG-115jhrg27343/html/CHRG-115jhrg27343.htm,,,,,,,,,,,
24,CHRG-115shrg28548,https://www.govinfo.gov/content/pkg/CHRG-115shrg28548/html/CHRG-115shrg28548.htm,,,,,,,,,,,
25,CHRG-115shrg26823,https://www.govinfo.gov/content/pkg/CHRG-115shrg26823/html/CHRG-115shrg26823.htm,,,,,,,,,,,
26,CHRG-115shrg25919,https://www.govinfo.gov/content/pkg/CHRG-115shrg25919/html/CHRG-115shrg25919.htm,,,,,,,,,,,
27,CHRG-115hhrg24683,https://www.govinfo.gov/content/pkg/CHRG-115hhrg24683/html/CHRG-115hhrg24683.htm,,,,,,,,,,,
28,CHRG-115hhrg27671,https://www.govinfo.gov/content/pkg/CHRG-115hhrg27671/html/CHRG-115hhrg27671.htm,,,,,,,,,,,
29,CHRG-115hhrg28689,https://www.govinfo.gov/content/pkg/CHRG-115hhrg28689/html/CHRG-115hhrg28689.htm,,,,,,,,,,,
30,CHRG-115shrg30197,https://www.govinfo.gov/content/pkg/CHRG-115shrg30197/html/CHRG-115shrg30197.htm,,,,,,,,,,,
31,CHRG-115hhrg30234,https://www.govinfo.gov/content/pkg/CHRG-115hhrg30234/html/CHRG-115hhrg30234.htm,,,,,,,,,,,
32,CHRG-115shrg24428,https://www.govinfo.gov/content/pkg/CHRG-115shrg24428/html/CHRG-115shrg24428.htm,,,,,,,,,,,
33,CHRG-115hhrg30774,https://www.govinfo.gov/content/pkg/CHRG-115hhrg30774/html/CHRG-115hhrg30774.htm,,,,,,,,,,,
34,CHRG-115shrg37801,https://www.govinfo.gov/content/pkg/CHRG-115shrg37801/html/CHRG-115shrg37801.htm,,,,,,,,,,,
35,CHRG-115shrg89104860,https://www.govinfo.gov/content/pkg/CHRG-115shrg89104860/html/CHRG-115shrg89104860.htm,,,,,,,,,,,
36,CHRG-115shrg39600,https://www.govinfo.gov/content/pkg/CHRG-115shrg39600/html/CHRG-115shrg39600.htm,,,,,,,,,,,
37,CHRG-115hhrg28970,https://www.govinfo.gov/content/pkg/CHRG-115hhrg28970/html/CHRG-115hhrg28970.htm,,,,,,,,,,,
38,CHRG-115shrg31487,https://www.govinfo.gov/content/pkg/CHRG-115shrg31487/html/CHRG-115shrg31487.htm,,,,,,,,,,,
39,CHRG-115shrg35238,https://www.govinfo.gov/content/pkg/CHRG-115shrg35238/html/CHRG-115shrg35238.htm,,,,,,,,,,,
40,CHRG-115hhrg31294,https://www.govinfo.gov/content/pkg/CHRG-115hhrg31294/html/CHRG-115hhrg31294.htm,,,,,,,,,,,
41,CHRG-115shrg30959,https://www.govinfo.gov/content/pkg/CHRG-115shrg30959/html/CHRG-115shrg30959.htm,,,,,,,,,,,
42,CHRG-115shrg29807,https://www.govinfo.gov/content/pkg/CHRG-115shrg29807/html/CHRG-115shrg29807.htm,,,,,,,,,,,
43,CHRG-115hhrg30102,https://www.govinfo.gov/content/pkg/CHRG-115hhrg30102/html/CHRG-115hhrg30102.htm,,,,,,,,,,,
44,CHRG-115shrg32765-pt2,https://www.govinfo.gov/content/pkg/CHRG-115shrg32765/html/CHRG-115shrg32765-pt2.htm,,,,,,,,,,,
45,CHRG-115shrg32765,https://www.govinfo.gov/content/pkg/CHRG-115shrg32765/html/CHRG-115shrg32765.htm,,,,,,,,,,,
46,CHRG-115shrg31316,https://www.govinfo.gov/content/pkg/CHRG-115shrg31316/html/CHRG-115shrg31316.htm,,,,,,,,,,,
47,CHRG-115hhrg32796,https://www.govinfo.gov/content/pkg/CHRG-115hhrg32796/html/CHRG-115hhrg32796.htm,,,,,,,,,,,
48,CHRG-115hhrg32788,https://www.govinfo.gov/content/pkg/CHRG-115hhrg32788/html/CHRG-115hhrg32788.htm,,,,,,,,,,,
49,CHRG-115shrg26197,https://www.govinfo.gov/content/pkg/CHRG-115shrg26197/html/CHRG-115shrg26197.htm,,,,,,,,,,,
50,CHRG-115hhrg35951,https://www.govinfo.gov/content/pkg/CHRG-115hhrg35951/html/CHRG-115hhrg35951.htm,,,,,,,,,,,
51,CHRG-115hhrg30484,https://www.govinfo.gov/content/pkg/CHRG-115hhrg30484/html/CHRG-115hhrg30484.htm,,,,,,,,,,,
52,CHRG-115shrg40430,https://www.govinfo.gov/content/pkg/CHRG-115shrg40430/html/CHRG-115shrg40430.htm,,,,,,,,,,,
53,CHRG-115shrg37332,https://www.govinfo.gov/content/pkg/CHRG-115shrg37332/html/CHRG-115shrg37332.htm,,,,,,,,,,,
54,CHRG-115shrg31138,https://www.govinfo.gov/content/pkg/CHRG-115shrg31138/html/CHRG-115shrg31138.htm,,,,,,,,,,,
55,CHRG-115shrg32784,https://www.govinfo.gov/content/pkg/CHRG-115shrg32784/html/CHRG-115shrg32784.htm,,,,,,,,,,,
56,CHRG-115shrg29975,https://www.govinfo.gov/content/pkg/CHRG-115shrg29975/html/CHRG-115shrg29975.htm,,,,,,,,,,,
57,CHRG-115shrg79104793,https://www.govinfo.gov/content/pkg/CHRG-115shrg79104793/html/CHRG-115shrg79104793.htm,,,,,,,,,,,
58,CHRG-115hhrg27889,https://www.govinfo.gov/content/pkg/CHRG-115hhrg27889/html/CHRG-115hhrg27889.htm,,,,,,,,,,,
59,CHRG-115hhrg31448,https://www.govinfo.gov/content/pkg/CHRG-115hhrg31448/html/CHRG-115hhrg31448.htm,,,,,,,,,,,
60,CHRG-115hhrg26143,https://www.govinfo.gov/content/pkg/CHRG-115hhrg26143/html/CHRG-115hhrg26143.htm,,,,,,,,,,,
61,CHRG-115hhrg26561,https://www.govinfo.gov/content/pkg/CHRG-115hhrg26561/html/CHRG-115hhrg26561.htm,,,,,,,,,,,
62,CHRG-115hhrg31446,https://www.govinfo.gov/content/pkg/CHRG-115hhrg31446/html/CHRG-115hhrg31446.htm,,,,,,,,,,,
63,CHRG-115shrg32265,https://www.govinfo.gov/content/pkg/CHRG-115shrg32265/html/CHRG-115shrg32265.htm,,,,,,,,,,,
64,CHRG-115shrg31483,https://www.govinfo.gov/content/pkg/CHRG-115shrg31483/html/CHRG-115shrg31483.htm,,,,,,,,,,,
65,CHRG-115jhrg30972,https://www.govinfo.gov/content/pkg/CHRG-115jhrg30972/html/CHRG-115jhrg30972.htm,,,,,,,,,,,
66,CHRG-115hhrg31419,https://www.govinfo.gov/content/pkg/CHRG-115hhrg31419/html/CHRG-115hhrg31419.htm,,,,,,,,,,,
67,CHRG-115hhrg30563,https://www.govinfo.gov/content/pkg/CHRG-115hhrg30563/html/CHRG-115hhrg30563.htm,,,,,,,,,,,
68,CHRG-115shrg27828,https://www.govinfo.gov/content/pkg/CHRG-115shrg27828/html/CHRG-115shrg27828.htm,,,,,,,,,,,
69,CHRG-115shrg32295,https://www.govinfo.gov/content/pkg/CHRG-115shrg32295/html/CHRG-115shrg32295.htm,,,,,,,,,,,
70,CHRG-115shrg32517,https://www.govinfo.gov/content/pkg/CHRG-115shrg32517/html/CHRG-115shrg32517.htm,,,,,,,,,,,
71,CHRG-115hhrg32303,https://www.govinfo.gov/content/pkg/CHRG-115hhrg32303/html/CHRG-115hhrg32303.htm,,,,,,,,,,,
72,CHRG-115shrg31485,https://www.govinfo.gov/content/pkg/CHRG-115shrg31485/html/CHRG-115shrg31485.htm,,,,,,,,,,,
73,CHRG-115hhrg26558,https://www.govinfo.gov/content/pkg/CHRG-115hhrg26558/html/CHRG-115hhrg26558.htm,,,,,,,,,,,
74,CHRG-115shrg28518,https://www.govinfo.gov/content/pkg/CHRG-115shrg28518/html/CHRG-115shrg28518.htm,,,,,,,,,,,
75,CHRG-115shrg29844,https://www.govinfo.gov/content/pkg/CHRG-115shrg29844/html/CHRG-115shrg29844.htm,,,,,,,,,,,
76,CHRG-115hhrg30697,https://www.govinfo.gov/content/pkg/CHRG-115hhrg30697/html/CHRG-115hhrg30697.htm,,,,,,,,,,,
77,CHRG-115hhrg29966,https://www.govinfo.gov/content/pkg/CHRG-115hhrg29966/html/CHRG-115hhrg29966.htm,,,,,,,,,,,
78,CHRG-115shrg79104754,https://www.govinfo.gov/content/pkg/CHRG-115shrg79104754/html/CHRG-115shrg79104754.htm,,,,,,,,,,,
79,CHRG-115hhrg27369,https://www.govinfo.gov/content/pkg/CHRG-115hhrg27369/html/CHRG-115hhrg27369.htm,,,,,,,,,,,
80,CHRG-115shrg32933,https://www.govinfo.gov/content/pkg/CHRG-115shrg32933/html/CHRG-115shrg32933.htm,,,,,,,,,,,
81,CHRG-115shrg34304,https://www.govinfo.gov/content/pkg/CHRG-115shrg34304/html/CHRG-115shrg34304.htm,,,,,,,,,,,
82,CHRG-115hhrg31107,https://www.govinfo.gov/content/pkg/CHRG-115hhrg31107/html/CHRG-115hhrg31107.htm,,,,,,,,,,,
83,CHRG-115shrg36042,https://www.govinfo.gov/content/pkg/CHRG-115shrg36042/html/CHRG-115shrg36042.htm,,,,,,,,,,,
84,CHRG-115shrg40897,https://www.govinfo.gov/content/pkg/CHRG-115shrg40897/html/CHRG-115shrg40897.htm,,,,,,,,,,,
85,CHRG-115hhrg28157,https://www.govinfo.gov/content/pkg/CHRG-115hhrg28157/html/CHRG-115hhrg28157.htm,,,,,,,,,,,
86,CHRG-115hhrg26855,https://www.govinfo.gov/content/pkg/CHRG-115hhrg26855/html/CHRG-115hhrg26855.htm,,,,,,,,,,,
87,CHRG-115shrg28515,https://www.govinfo.gov/content/pkg/CHRG-115shrg28515/html/CHRG-115shrg28515.htm,,,,,,,,,,,
88,CHRG-115hhrg26728,https://www.govinfo.gov/content/pkg/CHRG-115hhrg26728/html/CHRG-115hhrg26728.htm,,,,,,,,,,,
89,CHRG-115hhrg36155,https://www.govinfo.gov/content/pkg/CHRG-115hhrg36155/html/CHRG-115hhrg36155.htm,,,,,,,,,,,
90,CHRG-115shrg29655,https://www.govinfo.gov/content/pkg/CHRG-115shrg29655/html/CHRG-115shrg29655.htm,,,,,,,,,,,
91,CHRG-115shrg37225,https://www.govinfo.gov/content/pkg/CHRG-115shrg37225/html/CHRG-115shrg37225.htm,,,,,,,,,,,
92,CHRG-115shrg30412,https://www.govinfo.gov/content/pkg/CHRG-115shrg30412/html/CHRG-115shrg30412.htm,,,,,,,,,,,
93,CHRG-115hhrg33659,https://www.govinfo.gov/content/pkg/CHRG-115hhrg33659/html/CHRG-115hhrg33659.htm,,,,,,,,,,,
94,CHRG-115shrg23667,https://www.govinfo.gov/content/pkg/CHRG-115shrg23667/html/CHRG-115shrg23667.htm,,,,,,,,,,,
95,CHRG-115hhrg30016,https://www.govinfo.gov/content/pkg/CHRG-115hhrg30016/html/CHRG-115hhrg30016.htm,,,,,,,,,,,
96,CHRG-115shrg79104753,https://www.govinfo.gov/content/pkg/CHRG-115shrg79104753/html/CHRG-115shrg79104753.htm,,,,,,,,,,,
97,CHRG-115hhrg32281,https://www.govinfo.gov/content/pkg/CHRG-115hhrg32281/html/CHRG-115hhrg32281.htm,,,,,,,,,,,
98,CHRG-115hhrg30956,https://www.govinfo.gov/content/pkg/CHRG-115hhrg30956/html/CHRG-115hhrg30956.htm,,,,,,,,,,,
99,CHRG-115hhrg31401,https://www.govinfo.gov/content/pkg/CHRG-115hhrg31401/html/CHRG-115hhrg31401.htm,,,,,,,,,,,
100,CHRG-115hhrg31324,https://www.govinfo.gov/content/pkg/CHRG-115hhrg31324/html/CHRG-115hhrg31324.htm,,,,,,,,,,,
101,CHRG-115shrg36204,https://www.govinfo.gov/content/pkg/CHRG-115shrg36204/html/CHRG-115shrg36204.htm,,,,,,,,,,,
102,CHRG-115shrg30501,https://www.govinfo.gov/content/pkg/CHRG-115shrg30501/html/CHRG-115shrg30501.htm,,,,,,,,,,,
103,CHRG-115shrg28078,https://www.govinfo.gov/content/pkg/CHRG-115shrg28078/html/CHRG-115shrg28078.htm,,,,,,,,,,,
104,CHRG-115shrg34525,https://www.govinfo.gov/content/pkg/CHRG-115shrg34525/html/CHRG-115shrg34525.htm,,,,,,,,,,,
105,CHRG-115shrg29998,https://www.govinfo.gov/content/pkg/CHRG-115shrg29998/html/CHRG-115shrg29998.htm,,,,,,,,,,,
106,CHRG-115shrg29641,https://www.govinfo.gov/content/pkg/CHRG-115shrg29641/html/CHRG-115shrg29641.htm,,,,,,,,,,,
107,CHRG-115shrg27298,https://www.govinfo.gov/content/pkg/CHRG-115shrg27298/html/CHRG-115shrg27298.htm,,,,,,,,,,,
108,CHRG-115shrg39877,https://www.govinfo.gov/content/pkg/CHRG-115shrg39877/html/CHRG-115shrg39877.htm,,,,,,,,,,,
109,CHRG-115shrg27398,https://www.govinfo.gov/content/pkg/CHRG-115shrg27398/html/CHRG-115shrg27398.htm,,,,,,,,,,,
110,CHRG-115shrg28636,https://www.govinfo.gov/content/pkg/CHRG-115shrg28636/html/CHRG-115shrg28636.htm,,,,,,,,,,,
111,CHRG-115hhrg25943,https://www.govinfo.gov/content/pkg/CHRG-115hhrg25943/html/CHRG-115hhrg25943.htm,,,,,,,,,,,
112,CHRG-115hhrg29879,https://www.govinfo.gov/content/pkg/CHRG-115hhrg29879/html/CHRG-115hhrg29879.htm,,,,,,,,,,,
113,CHRG-115hhrg32462,https://www.govinfo.gov/content/pkg/CHRG-115hhrg32462/html/CHRG-115hhrg32462.htm,,,,,,,,,,,
114,CHRG-115shrg30284,https://www.govinfo.gov/content/pkg/CHRG-115shrg30284/html/CHRG-115shrg30284.htm,,,,,,,,,,,
115,CHRG-115shrg30088,https://www.govinfo.gov/content/pkg/CHRG-115shrg30088/html/CHRG-115shrg30088.htm,,,,,,,,,,,
116,CHRG-115hhrg31629,https://www.govinfo.gov/content/pkg/CHRG-115hhrg31629/html/CHRG-115hhrg31629.htm,,,,,,,,,,,
117,CHRG-115hhrg27598,https://www.govinfo.gov/content/pkg/CHRG-115hhrg27598/html/CHRG-115hhrg27598.htm,,,,,,,,,,,
118,CHRG-114shrg69104715,https://www.govinfo.gov/content/pkg/CHRG-114shrg69104715/html/CHRG-114shrg69104715.htm,,,,,,,,,,,
119,CHRG-115hhrg30995,https://www.govinfo.gov/content/pkg/CHRG-115hhrg30995/html/CHRG-115hhrg30995.htm,,,,,,,,,,,
120,CHRG-115shrg37295,https://www.govinfo.gov/content/pkg/CHRG-115shrg37295/html/CHRG-115shrg37295.htm,,,,,,,,,,,
121,CHRG-115hhrg25718,https://www.govinfo.gov/content/pkg/CHRG-115hhrg25718/html/CHRG-115hhrg25718.htm,,,,,,,,,,,
122,CHRG-115shrg41257,https://www.govinfo.gov/content/pkg/CHRG-115shrg41257/html/CHRG-115shrg41257.htm,,,,,,,,,,,
123,CHRG-115hhrg31511,https://www.govinfo.gov/content/pkg/CHRG-115hhrg31511/html/CHRG-115hhrg31511.htm,,,,,,,,,,,
124,CHRG-115hhrg31435,https://www.govinfo.gov/content/pkg/CHRG-115hhrg31435/html/CHRG-115hhrg31435.htm,,,,,,,,,,,
125,CHRG-115hhrg29458,https://www.govinfo.gov/content/pkg/CHRG-115hhrg29458/html/CHRG-115hhrg29458.htm,,,,,,,,,,,
126,CHRG-115shrg35279,https://www.govinfo.gov/content/pkg/CHRG-115shrg35279/html/CHRG-115shrg35279.htm,,,,,,,,,,,
127,CHRG-115hhrg25481,https://www.govinfo.gov/content/pkg/CHRG-115hhrg25481/html/CHRG-115hhrg25481.htm,,,,,,,,,,,
128,CHRG-115hhrg33122,https://www.govinfo.gov/content/pkg/CHRG-115hhrg33122/html/CHRG-115hhrg33122.htm,,,,,,,,,,,
129,CHRG-115hhrg33656,https://www.govinfo.gov/content/pkg/CHRG-115hhrg33656/html/CHRG-115hhrg33656.htm,,,,,,,,,,,
130,CHRG-115shrg28601,https://www.govinfo.gov/content/pkg/CHRG-115shrg28601/html/CHRG-115shrg28601.htm,,,,,,,,,,,
131,CHRG-115shrg28696,https://www.govinfo.gov/content/pkg/CHRG-115shrg28696/html/CHRG-115shrg28696.htm,,,,,,,,,,,
132,CHRG-115shrg27106,https://www.govinfo.gov/content/pkg/CHRG-115shrg27106/html/CHRG-115shrg27106.htm,,,,,,,,,,,
133,CHRG-115hhrg29540,https://www.govinfo.gov/content/pkg/CHRG-115hhrg29540/html/CHRG-115hhrg29540.htm,,,,,,,,,,,
134,CHRG-115hhrg30901,https://www.govinfo.gov/content/pkg/CHRG-115hhrg30901/html/CHRG-115hhrg30901.htm,,,,,,,,,,,
135,CHRG-115hhrg28221,https://www.govinfo.gov/content/pkg/CHRG-115hhrg28221/html/CHRG-115hhrg28221.htm,,,,,,,,,,,
136,CHRG-115hhrg23827,https://www.govinfo.gov/content/pkg/CHRG-115hhrg23827/html/CHRG-115hhrg23827.htm,,,,,,,,,,,
137,CHRG-115hhrg24883,https://www.govinfo.gov/content/pkg/CHRG-115hhrg24883/html/CHRG-115hhrg24883.htm,,,,,,,,,,,
138,CHRG-115shrg34390,https://www.govinfo.gov/content/pkg/CHRG-115shrg34390/html/CHRG-115shrg34390.htm,,,,,,,,,,,
139,CHRG-115hhrg31614,https://www.govinfo.gov/content/pkg/CHRG-115hhrg31614/html/CHRG-115hhrg31614.htm,,,,,,,,,,,
140,CHRG-115hhrg28876,https://www.govinfo.gov/content/pkg/CHRG-115hhrg28876/html/CHRG-115hhrg28876.htm,,,,,,,,,,,
141,CHRG-115shrg35161,https://www.govinfo.gov/content/pkg/CHRG-115shrg35161/html/CHRG-115shrg35161.htm,,,,,,,,,,,
142,CHRG-115shrg27651,https://www.govinfo.gov/content/pkg/CHRG-115shrg27651/html/CHRG-115shrg27651.htm,,,,,,,,,,,
143,CHRG-115hhrg25470,https://www.govinfo.gov/content/pkg/CHRG-115hhrg25470/html/CHRG-115hhrg25470.htm,,,,,,,,,,,
144,CHRG-115hhrg26223,https://www.govinfo.gov/content/pkg/CHRG-115hhrg26223/html/CHRG-115hhrg26223.htm,,,,,,,,,,,
145,CHRG-115shrg31320,https://www.govinfo.gov/content/pkg/CHRG-115shrg31320/html/CHRG-115shrg31320.htm,,,,,,,,,,,
146,CHRG-115shrg32678,https://www.govinfo.gov/content/pkg/CHRG-115shrg32678/html/CHRG-115shrg32678.htm,,,,,,,,,,,
147,CHRG-115shrg33483,https://www.govinfo.gov/content/pkg/CHRG-115shrg33483/html/CHRG-115shrg33483.htm,,,,,,,,,,,
148,CHRG-115shrg37823,https://www.govinfo.gov/content/pkg/CHRG-115shrg37823/html/CHRG-115shrg37823.htm,,,,,,,,,,,
149,CHRG-115shrg40165,https://www.govinfo.gov/content/pkg/CHRG-115shrg40165/html/CHRG-115shrg40165.htm,,,,,,,,,,,
150,CHRG-115hhrg33942,https://www.govinfo.gov/content/pkg/CHRG-115hhrg33942/html/CHRG-115hhrg33942.htm,,,,,,,,,,,
151,CHRG-115hhrg24543,https://www.govinfo.gov/content/pkg/CHRG-115hhrg24543/html/CHRG-115hhrg24543.htm,,,,,,,,,,,
152,CHRG-115hhrg24498,https://www.govinfo.gov/content/pkg/CHRG-115hhrg24498/html/CHRG-115hhrg24498.htm,,,,,,,,,,,
153,CHRG-115shrg39619,https://www.govinfo.gov/content/pkg/CHRG-115shrg39619/html/CHRG-115shrg39619.htm,,,,,,,,,,,
154,CHRG-115hhrg31495,https://www.govinfo.gov/content/pkg/CHRG-115hhrg31495/html/CHRG-115hhrg31495.htm,,,,,,,,,,,
155,CHRG-115hhrg30295,https://www.govinfo.gov/content/pkg/CHRG-115hhrg30295/html/CHRG-115hhrg30295.htm,,,,,,,,,,,
156,CHRG-115hhrg32353,https://www.govinfo.gov/content/pkg/CHRG-115hhrg32353/html/CHRG-115hhrg32353.htm,,,,,,,,,,,
157,CHRG-115shrg31125,https://www.govinfo.gov/content/pkg/CHRG-115shrg31125/html/CHRG-115shrg31125.htm,,,,,,,,,,,
158,CHRG-115shrg31557,https://www.govinfo.gov/content/pkg/CHRG-115shrg31557/html/CHRG-115shrg31557.htm,,,,,,,,,,,
159,CHRG-115hhrg30843,https://www.govinfo.gov/content/pkg/CHRG-115hhrg30843/html/CHRG-115hhrg30843.htm,,,,,,,,,,,
160,CHRG-115hhrg30829,https://www.govinfo.gov/content/pkg/CHRG-115hhrg30829/html/CHRG-115hhrg30829.htm,,,,,,,,,,,
161,CHRG-115shrg37226,https://www.govinfo.gov/content/pkg/CHRG-115shrg37226/html/CHRG-115shrg37226.htm,,,,,,,,,,,
162,CHRG-115shrg28637,https://www.govinfo.gov/content/pkg/CHRG-115shrg28637/html/CHRG-115shrg28637.htm,,,,,,,,,,,
163,CHRG-115shrg32635,https://www.govinfo.gov/content/pkg/CHRG-115shrg32635/html/CHRG-115shrg32635.htm,,,,,,,,,,,
164,CHRG-115shrg29997,https://www.govinfo.gov/content/pkg/CHRG-115shrg29997/html/CHRG-115shrg29997.htm,,,,,,,,,,,
165,CHRG-115hhrg31385,https://www.govinfo.gov/content/pkg/CHRG-115hhrg31385/html/CHRG-115hhrg31385.htm,,,,,,,,,,,
166,CHRG-115shrg40370,https://www.govinfo.gov/content/pkg/CHRG-115shrg40370/html/CHRG-115shrg40370.htm,,,,,,,,,,,
167,CHRG-115hhrg30571,https://www.govinfo.gov/content/pkg/CHRG-115hhrg30571/html/CHRG-115hhrg30571.htm,,,,,,,,,,,
168,CHRG-115hhrg24358,https://www.govinfo.gov/content/pkg/CHRG-115hhrg24358/html/CHRG-115hhrg24358.htm,,,,,,,,,,,
169,CHRG-115hhrg31549,https://www.govinfo.gov/content/pkg/CHRG-115hhrg31549/html/CHRG-115hhrg31549.htm,,,,,,,,,,,
170,CHRG-115shrg31350,https://www.govinfo.gov/content/pkg/CHRG-115shrg31350/html/CHRG-115shrg31350.htm,,,,,,,,,,,
171,CHRG-115shrg30769,https://www.govinfo.gov/content/pkg/CHRG-115shrg30769/html/CHRG-115shrg30769.htm,,,,,,,,,,,
172,CHRG-115hhrg31349,https://www.govinfo.gov/content/pkg/CHRG-115hhrg31349/html/CHRG-115hhrg31349.htm,,,,,,,,,,,
173,CHRG-115hhrg30772,https://www.govinfo.gov/content/pkg/CHRG-115hhrg30772/html/CHRG-115hhrg30772.htm,,,,,,,,,,,
174,CHRG-115shrg39933,https://www.govinfo.gov/content/pkg/CHRG-115shrg39933/html/CHRG-115shrg39933.htm,,,,,,,,,,,
175,CHRG-115hhrg24032,https://www.govinfo.gov/content/pkg/CHRG-115hhrg24032/html/CHRG-115hhrg24032.htm,,,,,,,,,,,
176,CHRG-115hhrg31568,https://www.govinfo.gov/content/pkg/CHRG-115hhrg31568/html/CHRG-115hhrg31568.htm,,,,,,,,,,,
177,CHRG-115shrg27683,https://www.govinfo.gov/content/pkg/CHRG-115shrg27683/html/CHRG-115shrg27683.htm,,,,,,,,,,,
178,CHRG-115shrg89104818,https://www.govinfo.gov/content/pkg/CHRG-115shrg89104818/html/CHRG-115shrg89104818.htm,,,,,,,,,,,
179,CHRG-115hhrg29815,https://www.govinfo.gov/content/pkg/CHRG-115hhrg29815/html/CHRG-115hhrg29815.htm,,,,,,,,,,,
180,CHRG-115shrg35941,https://www.govinfo.gov/content/pkg/CHRG-115shrg35941/html/CHRG-115shrg35941.htm,,,,,,,,,,,
181,CHRG-115hhrg30239,https://www.govinfo.gov/content/pkg/CHRG-115hhrg30239/html/CHRG-115hhrg30239.htm,,,,,,,,,,,
182,CHRG-115hhrg32638,https://www.govinfo.gov/content/pkg/CHRG-115hhrg32638/html/CHRG-115hhrg32638.htm,,,,,,,,,,,
183,CHRG-115shrg27450,https://www.govinfo.gov/content/pkg/CHRG-115shrg27450/html/CHRG-115shrg27450.htm,,,,,,,,,,,
184,CHRG-115shrg27854,https://www.govinfo.gov/content/pkg/CHRG-115shrg27854/html/CHRG-115shrg27854.htm,,,,,,,,,,,
185,CHRG-115shrg89104825,https://www.govinfo.gov/content/pkg/CHRG-115shrg89104825/html/CHRG-115shrg89104825.htm,,,,,,,,,,,
186,CHRG-115hhrg30286,https://www.govinfo.gov/content/pkg/CHRG-115hhrg30286/html/CHRG-115hhrg30286.htm,,,,,,,,,,,
187,CHRG-115hhrg32690,https://www.govinfo.gov/content/pkg/CHRG-115hhrg32690/html/CHRG-115hhrg32690.htm,,,,,,,,,,,
188,CHRG-115hhrg32473,https://www.govinfo.gov/content/pkg/CHRG-115hhrg32473/html/CHRG-115hhrg32473.htm,,,,,,,,,,,
189,CHRG-115hhrg27002,https://www.govinfo.gov/content/pkg/CHRG-115hhrg27002/html/CHRG-115hhrg27002.htm,,,,,,,,,,,
190,CHRG-115hhrg29389,https://www.govinfo.gov/content/pkg/CHRG-115hhrg29389/html/CHRG-115hhrg29389.htm,,,,,,,,,,,
191,CHRG-115shrg34880,https://www.govinfo.gov/content/pkg/CHRG-115shrg34880/html/CHRG-115shrg34880.htm,,,,,,,,,,,
192,CHRG-115hhrg30893,https://www.govinfo.gov/content/pkg/CHRG-115hhrg30893/html/CHRG-115hhrg30893.htm,,,,,,,,,,,
193,CHRG-115hhrg29792,https://www.govinfo.gov/content/pkg/CHRG-115hhrg29792/html/CHRG-115hhrg29792.htm,,,,,,,,,,,
194,CHRG-115shrg34175,https://www.govinfo.gov/content/pkg/CHRG-115shrg34175/html/CHRG-115shrg34175.htm,,,,,,,,,,,
195,CHRG-115hhrg24753,https://www.govinfo.gov/content/pkg/CHRG-115hhrg24753/html/CHRG-115hhrg24753.htm,,,,,,,,,,,
196,CHRG-115hhrg25557,https://www.govinfo.gov/content/pkg/CHRG-115hhrg25557/html/CHRG-115hhrg25557.htm,,,,,,,,,,,
197,CHRG-115shrg26151,https://www.govinfo.gov/content/pkg/CHRG-115shrg26151/html/CHRG-115shrg26151.htm,,,,,,,,,,,
198,CHRG-115hhrg27372,https://www.govinfo.gov/content/pkg/CHRG-115hhrg27372/html/CHRG-115hhrg27372.htm,,,,,,,,,,,
199,CHRG-115shrg39949,https://www.govinfo.gov/content/pkg/CHRG-115shrg39949/html/CHRG-115shrg39949.htm,,,,,,,,,,,
200,CHRG-115hhrg29518,https://www.govinfo.gov/content/pkg/CHRG-115hhrg29518/html/CHRG-115hhrg29518.htm,,,,,,,,,,,
201,CHRG-115shrg31567,https://www.govinfo.gov/content/pkg/CHRG-115shrg31567/html/CHRG-115shrg31567.htm,,,,,,,,,,,
202,CHRG-115hhrg27009,https://www.govinfo.gov/content/pkg/CHRG-115hhrg27009/html/CHRG-115hhrg27009.htm,,,,,,,,,,,
203,CHRG-115hhrg27810,https://www.govinfo.gov/content/pkg/CHRG-115hhrg27810/html/CHRG-115hhrg27810.htm,,,,,,,,,,,
204,CHRG-115shrg32647,https://www.govinfo.gov/content/pkg/CHRG-115shrg32647/html/CHRG-115shrg32647.htm,,,,,,,,,,,
205,CHRG-115hhrg30498,https://www.govinfo.gov/content/pkg/CHRG-115hhrg30498/html/CHRG-115hhrg30498.htm,,,,,,,,,,,
206,CHRG-115hhrg30483,https://www.govinfo.gov/content/pkg/CHRG-115hhrg30483/html/CHRG-115hhrg30483.htm,,,,,,,,,,,
207,CHRG-115hhrg30061,https://www.govinfo.gov/content/pkg/CHRG-115hhrg30061/html/CHRG-115hhrg30061.htm,,,,,,,,,,,
208,CHRG-115shrg28202,https://www.govinfo.gov/content/pkg/CHRG-115shrg28202/html/CHRG-115shrg28202.htm,,,,,,,,,,,
209,CHRG-115shrg29976,https://www.govinfo.gov/content/pkg/CHRG-115shrg29976/html/CHRG-115shrg29976.htm,,,,,,,,,,,
210,CHRG-115hhrg35808,https://www.govinfo.gov/content/pkg/CHRG-115hhrg35808/html/CHRG-115hhrg35808.htm,,,,,,,,,,,
211,CHRG-115hhrg25748,https://www.govinfo.gov/content/pkg/CHRG-115hhrg25748/html/CHRG-115hhrg25748.htm,,,,,,,,,,,
212,CHRG-115hhrg30899,https://www.govinfo.gov/content/pkg/CHRG-115hhrg30899/html/CHRG-115hhrg30899.htm,,,,,,,,,,,
213,CHRG-115shrg89104852,https://www.govinfo.gov/content/pkg/CHRG-115shrg89104852/html/CHRG-115shrg89104852.htm,,,,,,,,,,,
214,CHRG-115shrg34946,https://www.govinfo.gov/content/pkg/CHRG-115shrg34946/html/CHRG-115shrg34946.htm,,,,,,,,,,,
215,CHRG-115hhrg25558,https://www.govinfo.gov/content/pkg/CHRG-115hhrg25558/html/CHRG-115hhrg25558.htm,,,,,,,,,,,
216,CHRG-115shrg40163,https://www.govinfo.gov/content/pkg/CHRG-115shrg40163/html/CHRG-115shrg40163.htm,,,,,,,,,,,
217,CHRG-115hhrg30244,https://www.govinfo.gov/content/pkg/CHRG-115hhrg30244/html/CHRG-115hhrg30244.htm,,,,,,,,,,,
218,CHRG-115shrg26127,https://www.govinfo.gov/content/pkg/CHRG-115shrg26127/html/CHRG-115shrg26127.htm,,,,,,,,,,,
219,CHRG-115hhrg24585,https://www.govinfo.gov/content/pkg/CHRG-115hhrg24585/html/CHRG-115hhrg24585.htm,,,,,,,,,,,
220,CHRG-115shrg25888,https://www.govinfo.gov/content/pkg/CHRG-115shrg25888/html/CHRG-115shrg25888.htm,,,,,,,,,,,
221,CHRG-115hhrg28416,https://www.govinfo.gov/content/pkg/CHRG-115hhrg28416/html/CHRG-115hhrg28416.htm,,,,,,,,,,,
222,CHRG-115hhrg27757,https://www.govinfo.gov/content/pkg/CHRG-115hhrg27757/html/CHRG-115hhrg27757.htm,,,,,,,,,,,
223,CHRG-115hhrg27177,https://www.govinfo.gov/content/pkg/CHRG-115hhrg27177/html/CHRG-115hhrg27177.htm,,,,,,,,,,,
224,CHRG-115shrg25362,https://www.govinfo.gov/content/pkg/CHRG-115shrg25362/html/CHRG-115shrg25362.htm,,,,,,,,,,,
225,CHRG-115shrg30770,https://www.govinfo.gov/content/pkg/CHRG-115shrg30770/html/CHRG-115shrg30770.htm,,,,,,,,,,,
226,CHRG-115shrg79104750,https://www.govinfo.gov/content/pkg/CHRG-115shrg79104750/html/CHRG-115shrg79104750.htm,,,,,,,,,,,
227,CHRG-115shrg27189,https://www.govinfo.gov/content/pkg/CHRG-115shrg27189/html/CHRG-115shrg27189.htm,,,,,,,,,,,
228,CHRG-115hhrg31574,https://www.govinfo.gov/content/pkg/CHRG-115hhrg31574/html/CHRG-115hhrg31574.htm,,,,,,,,,,,
229,CHRG-115shrg89104849,https://www.govinfo.gov/content/pkg/CHRG-115shrg89104849/html/CHRG-115shrg89104849.htm,,,,,,,,,,,
230,CHRG-115hhrg26839,https://www.govinfo.gov/content/pkg/CHRG-115hhrg26839/html/CHRG-115hhrg26839.htm,,,,,,,,,,,
231,CHRG-115hhrg33615,https://www.govinfo.gov/content/pkg/CHRG-115hhrg33615/html/CHRG-115hhrg33615.htm,,,,,,,,,,,
232,CHRG-115shrg34875,https://www.govinfo.gov/content/pkg/CHRG-115shrg34875/html/CHRG-115shrg34875.htm,,,,,,,,,,,
233,CHRG-115shrg27433,https://www.govinfo.gov/content/pkg/CHRG-115shrg27433/html/CHRG-115shrg27433.htm,,,,,,,,,,,
234,CHRG-115shrg31410,https://www.govinfo.gov/content/pkg/CHRG-115shrg31410/html/CHRG-115shrg31410.htm,,,,,,,,,,,
235,CHRG-115hhrg33471,https://www.govinfo.gov/content/pkg/CHRG-115hhrg33471/html/CHRG-115hhrg33471.htm,,,,,,,,,,,
236,CHRG-115hhrg26555,https://www.govinfo.gov/content/pkg/CHRG-115hhrg26555/html/CHRG-115hhrg26555.htm,,,,,,,,,,,
237,CHRG-115shrg41249,https://www.govinfo.gov/content/pkg/CHRG-115shrg41249/html/CHRG-115shrg41249.htm,,,,,,,,,,,
238,CHRG-115hhrg32354,https://www.govinfo.gov/content/pkg/CHRG-115hhrg32354/html/CHRG-115hhrg32354.htm,,,,,,,,,,,
239,CHRG-115hhrg30994,https://www.govinfo.gov/content/pkg/CHRG-115hhrg30994/html/CHRG-115hhrg30994.htm,,,,,,,,,,,
240,CHRG-115hhrg29961,https://www.govinfo.gov/content/pkg/CHRG-115hhrg29961/html/CHRG-115hhrg29961.htm,,,,,,,,,,,
241,CHRG-115shrg31205,https://www.govinfo.gov/content/pkg/CHRG-115shrg31205/html/CHRG-115shrg31205.htm,,,,,,,,,,,
242,CHRG-115hhrg30877,https://www.govinfo.gov/content/pkg/CHRG-115hhrg30877/html/CHRG-115hhrg30877.htm,,,,,,,,,,,
243,CHRG-115hhrg31343,https://www.govinfo.gov/content/pkg/CHRG-115hhrg31343/html/CHRG-115hhrg31343.htm,,,,,,,,,,,
244,CHRG-115hhrg27146,https://www.govinfo.gov/content/pkg/CHRG-115hhrg27146/html/CHRG-115hhrg27146.htm,,,,,,,,,,,
245,CHRG-115hhrg30175,https://www.govinfo.gov/content/pkg/CHRG-115hhrg30175/html/CHRG-115hhrg30175.htm,,,,,,,,,,,
246,CHRG-115hhrg33478,https://www.govinfo.gov/content/pkg/CHRG-115hhrg33478/html/CHRG-115hhrg33478.htm,,,,,,,,,,,
247,CHRG-115hhrg33420,https://www.govinfo.gov/content/pkg/CHRG-115hhrg33420/html/CHRG-115hhrg33420.htm,,,,,,,,,,,
248,CHRG-115hhrg30942,https://www.govinfo.gov/content/pkg/CHRG-115hhrg30942/html/CHRG-115hhrg30942.htm,,,,,,,,,,,
249,CHRG-115hhrg36617,https://www.govinfo.gov/content/pkg/CHRG-115hhrg36617/html/CHRG-115hhrg36617.htm,,,,,,,,,,,
250,CHRG-115hhrg27552,https://www.govinfo.gov/content/pkg/CHRG-115hhrg27552/html/CHRG-115hhrg27552.htm,,,,,,,,,,,
251,CHRG-115hhrg30788,https://www.govinfo.gov/content/pkg/CHRG-115hhrg30788/html/CHRG-115hhrg30788.htm,,,,,,,,,,,
252,CHRG-115shrg34303,https://www.govinfo.gov/content/pkg/CHRG-115shrg34303/html/CHRG-115shrg34303.htm,,,,,,,,,,,
253,CHRG-115shrg31136,https://www.govinfo.gov/content/pkg/CHRG-115shrg31136/html/CHRG-115shrg31136.htm,,,,,,,,,,,
254,CHRG-115hhrg34016,https://www.govinfo.gov/content/pkg/CHRG-115hhrg34016/html/CHRG-115hhrg34016.htm,,,,,,,,,,,
255,CHRG-115shrg28642,https://www.govinfo.gov/content/pkg/CHRG-115shrg28642/html/CHRG-115shrg28642.htm,,,,,,,,,,,
256,CHRG-115hhrg36757,https://www.govinfo.gov/content/pkg/CHRG-115hhrg36757/html/CHRG-115hhrg36757.htm,,,,,,,,,,,
257,CHRG-115hhrg29489,https://www.govinfo.gov/content/pkg/CHRG-115hhrg29489/html/CHRG-115hhrg29489.htm,,,,,,,,,,,
258,CHRG-115hhrg27225,https://www.govinfo.gov/content/pkg/CHRG-115hhrg27225/html/CHRG-115hhrg27225.htm,,,,,,,,,,,
259,CHRG-115shrg27431,https://www.govinfo.gov/content/pkg/CHRG-115shrg27431/html/CHRG-115shrg27431.htm,,,,,,,,,,,
260,CHRG-115hhrg33798,https://www.govinfo.gov/content/pkg/CHRG-115hhrg33798/html/CHRG-115hhrg33798.htm,,,,,,,,,,,
261,CHRG-115hhrg30296,https://www.govinfo.gov/content/pkg/CHRG-115hhrg30296/html/CHRG-115hhrg30296.htm,,,,,,,,,,,
262,CHRG-115hhrg28825,https://www.govinfo.gov/content/pkg/CHRG-115hhrg28825/html/CHRG-115hhrg28825.htm,,,,,,,,,,,
263,CHRG-115shrg89104823,https://www.govinfo.gov/content/pkg/CHRG-115shrg89104823/html/CHRG-115shrg89104823.htm,,,,,,,,,,,
264,CHRG-115shrg28767,https://www.govinfo.gov/content/pkg/CHRG-115shrg28767/html/CHRG-115shrg28767.htm,,,,,,,,,,,
265,CHRG-115hhrg29529,https://www.govinfo.gov/content/pkg/CHRG-115hhrg29529/html/CHRG-115hhrg29529.htm,,,,,,,,,,,
266,CHRG-115hhrg28578,https://www.govinfo.gov/content/pkg/CHRG-115hhrg28578/html/CHRG-115hhrg28578.htm,,,,,,,,,,,
267,CHRG-115hhrg24680,https://www.govinfo.gov/content/pkg/CHRG-115hhrg24680/html/CHRG-115hhrg24680.htm,,,,,,,,,,,
268,CHRG-115hhrg31118,https://www.govinfo.gov/content/pkg/CHRG-115hhrg31118/html/CHRG-115hhrg31118.htm,,,,,,,,,,,
269,CHRG-115hhrg27676,https://www.govinfo.gov/content/pkg/CHRG-115hhrg27676/html/CHRG-115hhrg27676.htm,,,,,,,,,,,
270,CHRG-115hhrg25869,https://www.govinfo.gov/content/pkg/CHRG-115hhrg25869/html/CHRG-115hhrg25869.htm,,,,,,,,,,,
271,CHRG-115hhrg23886,https://www.govinfo.gov/content/pkg/CHRG-115hhrg23886/html/CHRG-115hhrg23886.htm,,,,,,,,,,,
272,CHRG-115shrg40580,https://www.govinfo.gov/content/pkg/CHRG-115shrg40580/html/CHRG-115shrg40580.htm,,,,,,,,,,,
273,CHRG-115shrg31426,https://www.govinfo.gov/content/pkg/CHRG-115shrg31426/html/CHRG-115shrg31426.htm,,,,,,,,,,,
274,CHRG-115hhrg30879,https://www.govinfo.gov/content/pkg/CHRG-115hhrg30879/html/CHRG-115hhrg30879.htm,,,,,,,,,,,
275,CHRG-115hhrg35710,https://www.govinfo.gov/content/pkg/CHRG-115hhrg35710/html/CHRG-115hhrg35710.htm,,,,,,,,,,,
276,CHRG-115shrg39919,https://www.govinfo.gov/content/pkg/CHRG-115shrg39919/html/CHRG-115shrg39919.htm,,,,,,,,,,,
277,CHRG-115hhrg30989,https://www.govinfo.gov/content/pkg/CHRG-115hhrg30989/html/CHRG-115hhrg30989.htm,,,,,,,,,,,
278,CHRG-115hhrg27174,https://www.govinfo.gov/content/pkg/CHRG-115hhrg27174/html/CHRG-115hhrg27174.htm,,,,,,,,,,,
279,CHRG-115hhrg28995,https://www.govinfo.gov/content/pkg/CHRG-115hhrg28995/html/CHRG-115hhrg28995.htm,,,,,,,,,,,
280,CHRG-115hhrg31447,https://www.govinfo.gov/content/pkg/CHRG-115hhrg31447/html/CHRG-115hhrg31447.htm,,,,,,,,,,,
281,CHRG-115shrg26418,https://www.govinfo.gov/content/pkg/CHRG-115shrg26418/html/CHRG-115shrg26418.htm,,,,,,,,,,,
282,CHRG-115shrg28249,https://www.govinfo.gov/content/pkg/CHRG-115shrg28249/html/CHRG-115shrg28249.htm,,,,,,,,,,,
283,CHRG-115hhrg30875,https://www.govinfo.gov/content/pkg/CHRG-115hhrg30875/html/CHRG-115hhrg30875.htm,,,,,,,,,,,
284,CHRG-115hhrg27211,https://www.govinfo.gov/content/pkg/CHRG-115hhrg27211/html/CHRG-115hhrg27211.htm,,,,,,,,,,,
285,CHRG-115hhrg26811,https://www.govinfo.gov/content/pkg/CHRG-115hhrg26811/html/CHRG-115hhrg26811.htm,,,,,,,,,,,
286,CHRG-115shrg79104782,https://www.govinfo.gov/content/pkg/CHRG-115shrg79104782/html/CHRG-115shrg79104782.htm,,,,,,,,,,,
287,CHRG-115shrg27301,https://www.govinfo.gov/content/pkg/CHRG-115shrg27301/html/CHRG-115shrg27301.htm,,,,,,,,,,,
288,CHRG-115hhrg28937,https://www.govinfo.gov/content/pkg/CHRG-115hhrg28937/html/CHRG-115hhrg28937.htm,,,,,,,,,,,
289,CHRG-115hhrg32927,https://www.govinfo.gov/content/pkg/CHRG-115hhrg32927/html/CHRG-115hhrg32927.htm,,,,,,,,,,,
290,CHRG-115shrg29659,https://www.govinfo.gov/content/pkg/CHRG-115shrg29659/html/CHRG-115shrg29659.htm,,,,,,,,,,,
291,CHRG-115shrg37299,https://www.govinfo.gov/content/pkg/CHRG-115shrg37299/html/CHRG-115shrg37299.htm,,,,,,,,,,,
292,CHRG-115hhrg28783,https://www.govinfo.gov/content/pkg/CHRG-115hhrg28783/html/CHRG-115hhrg28783.htm,,,,,,,,,,,
293,CHRG-115hhrg24445,https://www.govinfo.gov/content/pkg/CHRG-115hhrg24445/html/CHRG-115hhrg24445.htm,,,,,,,,,,,
294,CHRG-115hhrg26224,https://www.govinfo.gov/content/pkg/CHRG-115hhrg26224/html/CHRG-115hhrg26224.htm,,,,,,,,,,,
295,CHRG-115hhrg31577,https://www.govinfo.gov/content/pkg/CHRG-115hhrg31577/html/CHRG-115hhrg31577.htm,,,,,,,,,,,
296,CHRG-115jhrg27345,https://www.govinfo.gov/content/pkg/CHRG-115jhrg27345/html/CHRG-115jhrg27345.htm,,,,,,,,,,,
297,CHRG-115shrg31329,https://www.govinfo.gov/content/pkg/CHRG-115shrg31329/html/CHRG-115shrg31329.htm,,,,,,,,,,,
298,CHRG-115hhrg31297,https://www.govinfo.gov/content/pkg/CHRG-115hhrg31297/html/CHRG-115hhrg31297.htm,,,,,,,,,,,
299,CHRG-115shrg35281,https://www.govinfo.gov/content/pkg/CHRG-115shrg35281/html/CHRG-115shrg35281.htm,,,,,,,,,,,
300,CHRG-115shrg32693,https://www.govinfo.gov/content/pkg/CHRG-115shrg32693/html/CHRG-115shrg32693.htm,,,,,,,,,,,
301,CHRG-115shrg89104815,https://www.govinfo.gov/content/pkg/CHRG-115shrg89104815/html/CHRG-115shrg89104815.htm,,,,,,,,,,,
302,CHRG-115shrg25890,https://www.govinfo.gov/content/pkg/CHRG-115shrg25890/html/CHRG-115shrg25890.htm,,,,,,,,,,,
303,CHRG-115shrg40413,https://www.govinfo.gov/content/pkg/CHRG-115shrg40413/html/CHRG-115shrg40413.htm,,,,,,,,,,,
304,CHRG-115hhrg25149,https://www.govinfo.gov/content/pkg/CHRG-115hhrg25149/html/CHRG-115hhrg25149.htm,,,,,,,,,,,
305,CHRG-115hhrg27677,https://www.govinfo.gov/content/pkg/CHRG-115hhrg27677/html/CHRG-115hhrg27677.htm,,,,,,,,,,,
306,CHRG-115hhrg30322,https://www.govinfo.gov/content/pkg/CHRG-115hhrg30322/html/CHRG-115hhrg30322.htm,,,,,,,,,,,
307,CHRG-115hhrg27011,https://www.govinfo.gov/content/pkg/CHRG-115hhrg27011/html/CHRG-115hhrg27011.htm,,,,,,,,,,,
308,CHRG-115hhrg27226,https://www.govinfo.gov/content/pkg/CHRG-115hhrg27226/html/CHRG-115hhrg27226.htm,,,,,,,,,,,
309,CHRG-115shrg36503,https://www.govinfo.gov/content/pkg/CHRG-115shrg36503/html/CHRG-115shrg36503.htm,,,,,,,,,,,
310,CHRG-115hhrg27466,https://www.govinfo.gov/content/pkg/CHRG-115hhrg27466/html/CHRG-115hhrg27466.htm,,,,,,,,,,,
311,CHRG-115hhrg33363,https://www.govinfo.gov/content/pkg/CHRG-115hhrg33363/html/CHRG-115hhrg33363.htm,,,,,,,,,,,
312,CHRG-115shrg31583,https://www.govinfo.gov/content/pkg/CHRG-115shrg31583/html/CHRG-115shrg31583.htm,,,,,,,,,,,
313,CHRG-115hhrg27012,https://www.govinfo.gov/content/pkg/CHRG-115hhrg27012/html/CHRG-115hhrg27012.htm,,,,,,,,,,,
314,CHRG-115hhrg30882,https://www.govinfo.gov/content/pkg/CHRG-115hhrg30882/html/CHRG-115hhrg30882.htm,,,,,,,,,,,
315,CHRG-115hhrg24359,https://www.govinfo.gov/content/pkg/CHRG-115hhrg24359/html/CHRG-115hhrg24359.htm,,,,,,,,,,,
316,CHRG-115hhrg26239,https://www.govinfo.gov/content/pkg/CHRG-115hhrg26239/html/CHRG-115hhrg26239.htm,,,,,,,,,,,
317,CHRG-115hhrg26720,https://www.govinfo.gov/content/pkg/CHRG-115hhrg26720/html/CHRG-115hhrg26720.htm,,,,,,,,,,,
318,CHRG-115hhrg24751,https://www.govinfo.gov/content/pkg/CHRG-115hhrg24751/html/CHRG-115hhrg24751.htm,,,,,,,,,,,
319,CHRG-115shrg27390,https://www.govinfo.gov/content/pkg/CHRG-115shrg27390/html/CHRG-115shrg27390.htm,,,,,,,,,,,
320,CHRG-115shrg27434,https://www.govinfo.gov/content/pkg/CHRG-115shrg27434/html/CHRG-115shrg27434.htm,,,,,,,,,,,
321,CHRG-115shrg29767,https://www.govinfo.gov/content/pkg/CHRG-115shrg29767/html/CHRG-115shrg29767.htm,,,,,,,,,,,
322,CHRG-115hhrg26837,https://www.govinfo.gov/content/pkg/CHRG-115hhrg26837/html/CHRG-115hhrg26837.htm,,,,,,,,,,,
323,CHRG-115hhrg24071,https://www.govinfo.gov/content/pkg/CHRG-115hhrg24071/html/CHRG-115hhrg24071.htm,,,,,,,,,,,
324,CHRG-115hhrg27021,https://www.govinfo.gov/content/pkg/CHRG-115hhrg27021/html/CHRG-115hhrg27021.htm,,,,,,,,,,,
325,CHRG-115shrg27318,https://www.govinfo.gov/content/pkg/CHRG-115shrg27318/html/CHRG-115shrg27318.htm,,,,,,,,,,,
326,CHRG-115hhrg23842,https://www.govinfo.gov/content/pkg/CHRG-115hhrg23842/html/CHRG-115hhrg23842.htm,,,,,,,,,,,
327,CHRG-115hhrg28414,https://www.govinfo.gov/content/pkg/CHRG-115hhrg28414/html/CHRG-115hhrg28414.htm,,,,,,,,,,,
328,CHRG-115hhrg25469,https://www.govinfo.gov/content/pkg/CHRG-115hhrg25469/html/CHRG-115hhrg25469.htm,,,,,,,,,,,
329,CHRG-115hhrg26234,https://www.govinfo.gov/content/pkg/CHRG-115hhrg26234/html/CHRG-115hhrg26234.htm,,,,,,,,,,,
330,CHRG-115shrg25855,https://www.govinfo.gov/content/pkg/CHRG-115shrg25855/html/CHRG-115shrg25855.htm,,,,,,,,,,,
331,CHRG-115hhrg24525,https://www.govinfo.gov/content/pkg/CHRG-115hhrg24525/html/CHRG-115hhrg24525.htm,,,,,,,,,,,
332,CHRG-115shrg34527,https://www.govinfo.gov/content/pkg/CHRG-115shrg34527/html/CHRG-115shrg34527.htm,,,,,,,,,,,
333,CHRG-115jhrg28317,https://www.govinfo.gov/content/pkg/CHRG-115jhrg28317/html/CHRG-115jhrg28317.htm,,,,,,,,,,,
334,CHRG-115shrg24848,https://www.govinfo.gov/content/pkg/CHRG-115shrg24848/html/CHRG-115shrg24848.htm,,,,,,,,,,,
335,CHRG-115hhrg31296,https://www.govinfo.gov/content/pkg/CHRG-115hhrg31296/html/CHRG-115hhrg31296.htm,,,,,,,,,,,
336,CHRG-115hhrg29794,https://www.govinfo.gov/content/pkg/CHRG-115hhrg29794/html/CHRG-115hhrg29794.htm,,,,,,,,,,,
337,CHRG-115hhrg26237,https://www.govinfo.gov/content/pkg/CHRG-115hhrg26237/html/CHRG-115hhrg26237.htm,,,,,,,,,,,
338,CHRG-115shrg38445,https://www.govinfo.gov/content/pkg/CHRG-115shrg38445/html/CHRG-115shrg38445.htm,,,,,,,,,,,
339,CHRG-115jhrg25605,https://www.govinfo.gov/content/pkg/CHRG-115jhrg25605/html/CHRG-115jhrg25605.htm,,,,,,,,,,,
340,CHRG-115hhrg27661,https://www.govinfo.gov/content/pkg/CHRG-115hhrg27661/html/CHRG-115hhrg27661.htm,,,,,,,,,,,
341,CHRG-115hhrg36730,https://www.govinfo.gov/content/pkg/CHRG-115hhrg36730/html/CHRG-115hhrg36730.htm,,,,,,,,,,,
342,CHRG-115shrg25593,https://www.govinfo.gov/content/pkg/CHRG-115shrg25593/html/CHRG-115shrg25593.htm,,,,,,,,,,,
343,CHRG-115hhrg25048,https://www.govinfo.gov/content/pkg/CHRG-115hhrg25048/html/CHRG-115hhrg25048.htm,,,,,,,,,,,
344,CHRG-115hhrg28503,https://www.govinfo.gov/content/pkg/CHRG-115hhrg28503/html/CHRG-115hhrg28503.htm,,,,,,,,,,,
345,CHRG-115shrg35458,https://www.govinfo.gov/content/pkg/CHRG-115shrg35458/html/CHRG-115shrg35458.htm,,,,,,,,,,,
346,CHRG-115hhrg28334,https://www.govinfo.gov/content/pkg/CHRG-115hhrg28334/html/CHRG-115hhrg28334.htm,,,,,,,,,,,
347,CHRG-115shrg30257,https://www.govinfo.gov/content/pkg/CHRG-115shrg30257/html/CHRG-115shrg30257.htm,,,,,,,,,,,
348,CHRG-115hhrg33386,https://www.govinfo.gov/content/pkg/CHRG-115hhrg33386/html/CHRG-115hhrg33386.htm,,,,,,,,,,,
349,CHRG-115hhrg31492,https://www.govinfo.gov/content/pkg/CHRG-115hhrg31492/html/CHRG-115hhrg31492.htm,,,,,,,,,,,
350,CHRG-115shrg89104843,https://www.govinfo.gov/content/pkg/CHRG-115shrg89104843/html/CHRG-115shrg89104843.htm,,,,,,,,,,,
351,CHRG-115hhrg28506,https://www.govinfo.gov/content/pkg/CHRG-115hhrg28506/html/CHRG-115hhrg28506.htm,,,,,,,,,,,
352,CHRG-115hhrg27811,https://www.govinfo.gov/content/pkg/CHRG-115hhrg27811/html/CHRG-115hhrg27811.htm,,,,,,,,,,,
353,CHRG-115shrg43266,https://www.govinfo.gov/content/pkg/CHRG-115shrg43266/html/CHRG-115shrg43266.htm,,,,,,,,,,,
354,CHRG-115shrg35794,https://www.govinfo.gov/content/pkg/CHRG-115shrg35794/html/CHRG-115shrg35794.htm,,,,,,,,,,,
355,CHRG-115hhrg28387,https://www.govinfo.gov/content/pkg/CHRG-115hhrg28387/html/CHRG-115hhrg28387.htm,,,,,,,,,,,
356,CHRG-115shrg79104769,https://www.govinfo.gov/content/pkg/CHRG-115shrg79104769/html/CHRG-115shrg79104769.htm,,,,,,,,,,,
357,CHRG-115hhrg29473,https://www.govinfo.gov/content/pkg/CHRG-115hhrg29473/html/CHRG-115hhrg29473.htm,,,,,,,,,,,
358,CHRG-115shrg30384,https://www.govinfo.gov/content/pkg/CHRG-115shrg30384/html/CHRG-115shrg30384.htm,,,,,,,,,,,
359,CHRG-115shrg26783,https://www.govinfo.gov/content/pkg/CHRG-115shrg26783/html/CHRG-115shrg26783.htm,,,,,,,,,,,
360,CHRG-115hhrg35866,https://www.govinfo.gov/content/pkg/CHRG-115hhrg35866/html/CHRG-115hhrg35866.htm,,,,,,,,,,,
361,CHRG-115hhrg28997,https://www.govinfo.gov/content/pkg/CHRG-115hhrg28997/html/CHRG-115hhrg28997.htm,,,,,,,,,,,
362,CHRG-115shrg89104829,https://www.govinfo.gov/content/pkg/CHRG-115shrg89104829/html/CHRG-115shrg89104829.htm,,,,,,,,,,,
363,CHRG-115hhrg27160,https://www.govinfo.gov/content/pkg/CHRG-115hhrg27160/html/CHRG-115hhrg27160.htm,,,,,,,,,,,
364,CHRG-115shrg27803,https://www.govinfo.gov/content/pkg/CHRG-115shrg27803/html/CHRG-115shrg27803.htm,,,,,,,,,,,
365,CHRG-115shrg37230,https://www.govinfo.gov/content/pkg/CHRG-115shrg37230/html/CHRG-115shrg37230.htm,,,,,,,,,,,
366,CHRG-115shrg28635,https://www.govinfo.gov/content/pkg/CHRG-115shrg28635/html/CHRG-115shrg28635.htm,,,,,,,,,,,
367,CHRG-115hhrg25712,https://www.govinfo.gov/content/pkg/CHRG-115hhrg25712/html/CHRG-115hhrg25712.htm,,,,,,,,,,,
368,CHRG-115shrg26072,https://www.govinfo.gov/content/pkg/CHRG-115shrg26072/html/CHRG-115shrg26072.htm,,,,,,,,,,,
369,CHRG-115hhrg26557,https://www.govinfo.gov/content/pkg/CHRG-115hhrg26557/html/CHRG-115hhrg26557.htm,,,,,,,,,,,
370,CHRG-115hhrg34591,https://www.govinfo.gov/content/pkg/CHRG-115hhrg34591/html/CHRG-115hhrg34591.htm,,,,,,,,,,,
371,CHRG-115hhrg32929,https://www.govinfo.gov/content/pkg/CHRG-115hhrg32929/html/CHRG-115hhrg32929.htm,,,,,,,,,,,
372,CHRG-115hhrg26233,https://www.govinfo.gov/content/pkg/CHRG-115hhrg26233/html/CHRG-115hhrg26233.htm,,,,,,,,,,,
373,CHRG-115shrg28640,https://www.govinfo.gov/content/pkg/CHRG-115shrg28640/html/CHRG-115shrg28640.htm,,,,,,,,,,,
374,CHRG-115hhrg28178,https://www.govinfo.gov/content/pkg/CHRG-115hhrg28178/html/CHRG-115hhrg28178.htm,,,,,,,,,,,
375,CHRG-115hhrg28539,https://www.govinfo.gov/content/pkg/CHRG-115hhrg28539/html/CHRG-115hhrg28539.htm,,,,,,,,,,,
376,CHRG-115shrg27749,https://www.govinfo.gov/content/pkg/CHRG-115shrg27749/html/CHRG-115shrg27749.htm,,,,,,,,,,,
377,CHRG-115shrg28965,https://www.govinfo.gov/content/pkg/CHRG-115shrg28965/html/CHRG-115shrg28965.htm,,,,,,,,,,,
378,CHRG-115shrg40669,https://www.govinfo.gov/content/pkg/CHRG-115shrg40669/html/CHRG-115shrg40669.htm,,,,,,,,,,,
379,CHRG-115shrg25974,https://www.govinfo.gov/content/pkg/CHRG-115shrg25974/html/CHRG-115shrg25974.htm,,,,,,,,,,,
380,CHRG-115shrg28837,https://www.govinfo.gov/content/pkg/CHRG-115shrg28837/html/CHRG-115shrg28837.htm,,,,,,,,,,,
381,CHRG-115hhrg24271,https://www.govinfo.gov/content/pkg/CHRG-115hhrg24271/html/CHRG-115hhrg24271.htm,,,,,,,,,,,
382,CHRG-115hhrg25297,https://www.govinfo.gov/content/pkg/CHRG-115hhrg25297/html/CHRG-115hhrg25297.htm,,,,,,,,,,,
383,CHRG-115shrg32318,https://www.govinfo.gov/content/pkg/CHRG-115shrg32318/html/CHRG-115shrg32318.htm,,,,,,,,,,,
384,CHRG-115shrg31610,https://www.govinfo.gov/content/pkg/CHRG-115shrg31610/html/CHRG-115shrg31610.htm,,,,,,,,,,,
385,CHRG-115hhrg26576,https://www.govinfo.gov/content/pkg/CHRG-115hhrg26576/html/CHRG-115hhrg26576.htm,,,,,,,,,,,
386,CHRG-115shrg89104820,https://www.govinfo.gov/content/pkg/CHRG-115shrg89104820/html/CHRG-115shrg89104820.htm,,,,,,,,,,,
387,CHRG-115shrg28947,https://www.govinfo.gov/content/pkg/CHRG-115shrg28947/html/CHRG-115shrg28947.htm,,,,,,,,,,,
388,CHRG-115shrg27392,https://www.govinfo.gov/content/pkg/CHRG-115shrg27392/html/CHRG-115shrg27392.htm,,,,,,,,,,,
389,CHRG-115hhrg26729,https://www.govinfo.gov/content/pkg/CHRG-115hhrg26729/html/CHRG-115hhrg26729.htm,,,,,,,,,,,
390,CHRG-115shrg32320,https://www.govinfo.gov/content/pkg/CHRG-115shrg32320/html/CHRG-115shrg32320.htm,,,,,,,,,,,
391,CHRG-115hhrg31522,https://www.govinfo.gov/content/pkg/CHRG-115hhrg31522/html/CHRG-115hhrg31522.htm,,,,,,,,,,,
392,CHRG-115shrg36338,https://www.govinfo.gov/content/pkg/CHRG-115shrg36338/html/CHRG-115shrg36338.htm,,,,,,,,,,,
393,CHRG-115shrg40403,https://www.govinfo.gov/content/pkg/CHRG-115shrg40403/html/CHRG-115shrg40403.htm,,,,,,,,,,,
394,CHRG-115shrg36191,https://www.govinfo.gov/content/pkg/CHRG-115shrg36191/html/CHRG-115shrg36191.htm,,,,,,,,,,,
395,CHRG-115hhrg28794,https://www.govinfo.gov/content/pkg/CHRG-115hhrg28794/html/CHRG-115hhrg28794.htm,,,,,,,,,,,
396,CHRG-115hhrg34639,https://www.govinfo.gov/content/pkg/CHRG-115hhrg34639/html/CHRG-115hhrg34639.htm,,,,,,,,,,,
397,CHRG-115shrg36115,https://www.govinfo.gov/content/pkg/CHRG-115shrg36115/html/CHRG-115shrg36115.htm,,,,,,,,,,,
398,CHRG-115hhrg33569,https://www.govinfo.gov/content/pkg/CHRG-115hhrg33569/html/CHRG-115hhrg33569.htm,,,,,,,,,,,
399,CHRG-115hhrg27890,https://www.govinfo.gov/content/pkg/CHRG-115hhrg27890/html/CHRG-115hhrg27890.htm,,,,,,,,,,,
400,CHRG-115shrg27650,https://www.govinfo.gov/content/pkg/CHRG-115shrg27650/html/CHRG-115shrg27650.htm,,,,,,,,,,,
401,CHRG-115hhrg30993,https://www.govinfo.gov/content/pkg/CHRG-115hhrg30993/html/CHRG-115hhrg30993.htm,,,,,,,,,,,
402,CHRG-115hhrg32930,https://www.govinfo.gov/content/pkg/CHRG-115hhrg32930/html/CHRG-115hhrg32930.htm,,,,,,,,,,,
403,CHRG-115hhrg25147,https://www.govinfo.gov/content/pkg/CHRG-115hhrg25147/html/CHRG-115hhrg25147.htm,,,,,,,,,,,
404,CHRG-115shrg34311,https://www.govinfo.gov/content/pkg/CHRG-115shrg34311/html/CHRG-115shrg34311.htm,,,,,,,,,,,
405,CHRG-115hhrg26907,https://www.govinfo.gov/content/pkg/CHRG-115hhrg26907/html/CHRG-115hhrg26907.htm,,,,,,,,,,,
406,CHRG-115shrg38062,https://www.govinfo.gov/content/pkg/CHRG-115shrg38062/html/CHRG-115shrg38062.htm,,,,,,,,,,,
407,CHRG-115shrg28661,https://www.govinfo.gov/content/pkg/CHRG-115shrg28661/html/CHRG-115shrg28661.htm,,,,,,,,,,,
408,CHRG-115hhrg24655,https://www.govinfo.gov/content/pkg/CHRG-115hhrg24655/html/CHRG-115hhrg24655.htm,,,,,,,,,,,
409,CHRG-115shrg26869,https://www.govinfo.gov/content/pkg/CHRG-115shrg26869/html/CHRG-115shrg26869.htm,,,,,,,,,,,
410,CHRG-115shrg34221,https://www.govinfo.gov/content/pkg/CHRG-115shrg34221/html/CHRG-115shrg34221.htm,,,,,,,,,,,
411,CHRG-115shrg28501,https://www.govinfo.gov/content/pkg/CHRG-115shrg28501/html/CHRG-115shrg28501.htm,,,,,,,,,,,
412,CHRG-115shrg29972,https://www.govinfo.gov/content/pkg/CHRG-115shrg29972/html/CHRG-115shrg29972.htm,,,,,,,,,,,
413,CHRG-115shrg39765,https://www.govinfo.gov/content/pkg/CHRG-115shrg39765/html/CHRG-115shrg39765.htm,,,,,,,,,,,
414,CHRG-115shrg31197,https://www.govinfo.gov/content/pkg/CHRG-115shrg31197/html/CHRG-115shrg31197.htm,,,,,,,,,,,
415,CHRG-115hhrg25238,https://www.govinfo.gov/content/pkg/CHRG-115hhrg25238/html/CHRG-115hhrg25238.htm,,,,,,,,,,,
416,CHRG-115shrg32664,https://www.govinfo.gov/content/pkg/CHRG-115shrg32664/html/CHRG-115shrg32664.htm,,,,,,,,,,,
417,CHRG-115hhrg24628,https://www.govinfo.gov/content/pkg/CHRG-115hhrg24628/html/CHRG-115hhrg24628.htm,,,,,,,,,,,
418,CHRG-115hhrg24668,https://www.govinfo.gov/content/pkg/CHRG-115hhrg24668/html/CHRG-115hhrg24668.htm,,,,,,,,,,,
419,CHRG-115shrg89104838,https://www.govinfo.gov/content/pkg/CHRG-115shrg89104838/html/CHRG-115shrg89104838.htm,,,,,,,,,,,
420,CHRG-115hhrg27612,https://www.govinfo.gov/content/pkg/CHRG-115hhrg27612/html/CHRG-115hhrg27612.htm,,,,,,,,,,,
421,CHRG-115shrg28404,https://www.govinfo.gov/content/pkg/CHRG-115shrg28404/html/CHRG-115shrg28404.htm,,,,,,,,,,,
422,CHRG-115hhrg30558,https://www.govinfo.gov/content/pkg/CHRG-115hhrg30558/html/CHRG-115hhrg30558.htm,,,,,,,,,,,
423,CHRG-115shrg28300,https://www.govinfo.gov/content/pkg/CHRG-115shrg28300/html/CHRG-115shrg28300.htm,,,,,,,,,,,
424,CHRG-115shrg30986,https://www.govinfo.gov/content/pkg/CHRG-115shrg30986/html/CHRG-115shrg30986.htm,,,,,,,,,,,
425,CHRG-115hhrg32941,https://www.govinfo.gov/content/pkg/CHRG-115hhrg32941/html/CHRG-115hhrg32941.htm,,,,,,,,,,,
426,CHRG-115shrg89104847,https://www.govinfo.gov/content/pkg/CHRG-115shrg89104847/html/CHRG-115shrg89104847.htm,,,,,,,,,,,
427,CHRG-115hhrg26736,https://www.govinfo.gov/content/pkg/CHRG-115hhrg26736/html/CHRG-115hhrg26736.htm,,,,,,,,,,,
428,CHRG-115hhrg29476,https://www.govinfo.gov/content/pkg/CHRG-115hhrg29476/html/CHRG-115hhrg29476.htm,,,,,,,,,,,
429,CHRG-115hhrg26499,https://www.govinfo.gov/content/pkg/CHRG-115hhrg26499/html/CHRG-115hhrg26499.htm,,,,,,,,,,,
430,CHRG-115hhrg26373,https://www.govinfo.gov/content/pkg/CHRG-115hhrg26373/html/CHRG-115hhrg26373.htm,,,,,,,,,,,
431,CHRG-115jhrg27637,https://www.govinfo.gov/content/pkg/CHRG-115jhrg27637/html/CHRG-115jhrg27637.htm,,,,,,,,,,,
432,CHRG-115shrg28892,https://www.govinfo.gov/content/pkg/CHRG-115shrg28892/html/CHRG-115shrg28892.htm,,,,,,,,,,,
433,CHRG-115shrg29480,https://www.govinfo.gov/content/pkg/CHRG-115shrg29480/html/CHRG-115shrg29480.htm,,,,,,,,,,,
434,CHRG-115shrg39950,https://www.govinfo.gov/content/pkg/CHRG-115shrg39950/html/CHRG-115shrg39950.htm,,,,,,,,,,,
435,CHRG-115hhrg28733,https://www.govinfo.gov/content/pkg/CHRG-115hhrg28733/html/CHRG-115hhrg28733.htm,,,,,,,,,,,
436,CHRG-115shrg26840,https://www.govinfo.gov/content/pkg/CHRG-115shrg26840/html/CHRG-115shrg26840.htm,,,,,,,,,,,
437,CHRG-115shrg41250,https://www.govinfo.gov/content/pkg/CHRG-115shrg41250/html/CHRG-115shrg41250.htm,,,,,,,,,,,
438,CHRG-115shrg30827,https://www.govinfo.gov/content/pkg/CHRG-115shrg30827/html/CHRG-115shrg30827.htm,,,,,,,,,,,
439,CHRG-115hhrg25034,https://www.govinfo.gov/content/pkg/CHRG-115hhrg25034/html/CHRG-115hhrg25034.htm,,,,,,,,,,,
440,CHRG-115shrg37228,https://www.govinfo.gov/content/pkg/CHRG-115shrg37228/html/CHRG-115shrg37228.htm,,,,,,,,,,,
441,CHRG-115hhrg29370,https://www.govinfo.gov/content/pkg/CHRG-115hhrg29370/html/CHRG-115hhrg29370.htm,,,,,,,,,,,
442,CHRG-115hhrg32637,https://www.govinfo.gov/content/pkg/CHRG-115hhrg32637/html/CHRG-115hhrg32637.htm,,,,,,,,,,,
443,CHRG-115shrg79104759,https://www.govinfo.gov/content/pkg/CHRG-115shrg79104759/html/CHRG-115shrg79104759.htm,,,,,,,,,,,
444,CHRG-115shrg43314,https://www.govinfo.gov/content/pkg/CHRG-115shrg43314/html/CHRG-115shrg43314.htm,,,,,,,,,,,
445,CHRG-115hhrg28851,https://www.govinfo.gov/content/pkg/CHRG-115hhrg28851/html/CHRG-115hhrg28851.htm,,,,,,,,,,,
446,CHRG-115hhrg31521,https://www.govinfo.gov/content/pkg/CHRG-115hhrg31521/html/CHRG-115hhrg31521.htm,,,,,,,,,,,
447,CHRG-115hhrg30357,https://www.govinfo.gov/content/pkg/CHRG-115hhrg30357/html/CHRG-115hhrg30357.htm,,,,,,,,,,,
448,CHRG-115hhrg33807,https://www.govinfo.gov/content/pkg/CHRG-115hhrg33807/html/CHRG-115hhrg33807.htm,,,,,,,,,,,
449,CHRG-115shrg33404,https://www.govinfo.gov/content/pkg/CHRG-115shrg33404/html/CHRG-115shrg33404.htm,,,,,,,,,,,
450,CHRG-115hhrg26739,https://www.govinfo.gov/content/pkg/CHRG-115hhrg26739/html/CHRG-115hhrg26739.htm,,,,,,,,,,,
451,CHRG-115shrg89104840,https://www.govinfo.gov/content/pkg/CHRG-115shrg89104840/html/CHRG-115shrg89104840.htm,,,,,,,,,,,
452,CHRG-115hhrg26358,https://www.govinfo.gov/content/pkg/CHRG-115hhrg26358/html/CHRG-115hhrg26358.htm,,,,,,,,,,,
453,CHRG-115hhrg35833,https://www.govinfo.gov/content/pkg/CHRG-115hhrg35833/html/CHRG-115hhrg35833.htm,,,,,,,,,,,
454,CHRG-115shrg89104845,https://www.govinfo.gov/content/pkg/CHRG-115shrg89104845/html/CHRG-115shrg89104845.htm,,,,,,,,,,,
455,CHRG-115shrg31196,https://www.govinfo.gov/content/pkg/CHRG-115shrg31196/html/CHRG-115shrg31196.htm,,,,,,,,,,,
456,CHRG-115hhrg28684,https://www.govinfo.gov/content/pkg/CHRG-115hhrg28684/html/CHRG-115hhrg28684.htm,,,,,,,,,,,
457,CHRG-115hhrg33481,https://www.govinfo.gov/content/pkg/CHRG-115hhrg33481/html/CHRG-115hhrg33481.htm,,,,,,,,,,,
458,CHRG-115hhrg31388,https://www.govinfo.gov/content/pkg/CHRG-115hhrg31388/html/CHRG-115hhrg31388.htm,,,,,,,,,,,
459,CHRG-115hhrg28728,https://www.govinfo.gov/content/pkg/CHRG-115hhrg28728/html/CHRG-115hhrg28728.htm,,,,,,,,,,,
460,CHRG-115shrg30347,https://www.govinfo.gov/content/pkg/CHRG-115shrg30347/html/CHRG-115shrg30347.htm,,,,,,,,,,,
461,CHRG-115hhrg28415,https://www.govinfo.gov/content/pkg/CHRG-115hhrg28415/html/CHRG-115hhrg28415.htm,,,,,,,,,,,
462,CHRG-115shrg28836,https://www.govinfo.gov/content/pkg/CHRG-115shrg28836/html/CHRG-115shrg28836.htm,,,,,,,,,,,
463,CHRG-115shrg28602,https://www.govinfo.gov/content/pkg/CHRG-115shrg28602/html/CHRG-115shrg28602.htm,,,,,,,,,,,
464,CHRG-115shrg32958,https://www.govinfo.gov/content/pkg/CHRG-115shrg32958/html/CHRG-115shrg32958.htm,,,,,,,,,,,
465,CHRG-115hhrg27371,https://www.govinfo.gov/content/pkg/CHRG-115hhrg27371/html/CHRG-115hhrg27371.htm,,,,,,,,,,,
466,CHRG-115hhrg24678,https://www.govinfo.gov/content/pkg/CHRG-115hhrg24678/html/CHRG-115hhrg24678.htm,,,,,,,,,,,
467,CHRG-115shrg26125,https://www.govinfo.gov/content/pkg/CHRG-115shrg26125/html/CHRG-115shrg26125.htm,,,,,,,,,,,
468,CHRG-115shrg29978,https://www.govinfo.gov/content/pkg/CHRG-115shrg29978/html/CHRG-115shrg29978.htm,,,,,,,,,,,
469,CHRG-115shrg31595,https://www.govinfo.gov/content/pkg/CHRG-115shrg31595/html/CHRG-115shrg31595.htm,,,,,,,,,,,
470,CHRG-115hhrg26340,https://www.govinfo.gov/content/pkg/CHRG-115hhrg26340/html/CHRG-115hhrg26340.htm,,,,,,,,,,,
471,CHRG-115hhrg35728,https://www.govinfo.gov/content/pkg/CHRG-115hhrg35728/html/CHRG-115hhrg35728.htm,,,,,,,,,,,
472,CHRG-115hhrg27462,https://www.govinfo.gov/content/pkg/CHRG-115hhrg27462/html/CHRG-115hhrg27462.htm,,,,,,,,,,,
473,CHRG-115shrg89104813,https://www.govinfo.gov/content/pkg/CHRG-115shrg89104813/html/CHRG-115shrg89104813.htm,,,,,,,,,,,
474,CHRG-115hhrg30951,https://www.govinfo.gov/content/pkg/CHRG-115hhrg30951/html/CHRG-115hhrg30951.htm,,,,,,,,,,,
475,CHRG-115shrg31267,https://www.govinfo.gov/content/pkg/CHRG-115shrg31267/html/CHRG-115shrg31267.htm,,,,,,,,,,,
476,CHRG-115hhrg30900,https://www.govinfo.gov/content/pkg/CHRG-115hhrg30900/html/CHRG-115hhrg30900.htm,,,,,,,,,,,
477,CHRG-115shrg30304,https://www.govinfo.gov/content/pkg/CHRG-115shrg30304/html/CHRG-115shrg30304.htm,,,,,,,,,,,
478,CHRG-115hhrg31445,https://www.govinfo.gov/content/pkg/CHRG-115hhrg31445/html/CHRG-115hhrg31445.htm,,,,,,,,,,,
479,CHRG-115shrg40341,https://www.govinfo.gov/content/pkg/CHRG-115shrg40341/html/CHRG-115shrg40341.htm,,,,,,,,,,,
480,CHRG-115shrg28496,https://www.govinfo.gov/content/pkg/CHRG-115shrg28496/html/CHRG-115shrg28496.htm,,,,,,,,,,,
481,CHRG-115hhrg28338,https://www.govinfo.gov/content/pkg/CHRG-115hhrg28338/html/CHRG-115hhrg28338.htm,,,,,,,,,,,
482,CHRG-115shrg31612,https://www.govinfo.gov/content/pkg/CHRG-115shrg31612/html/CHRG-115shrg31612.htm,,,,,,,,,,,
483,CHRG-115shrg24998,https://www.govinfo.gov/content/pkg/CHRG-115shrg24998/html/CHRG-115shrg24998.htm,,,,,,,,,,,
484,CHRG-115shrg38105,https://www.govinfo.gov/content/pkg/CHRG-115shrg38105/html/CHRG-115shrg38105.htm,,,,,,,,,,,
485,CHRG-115shrg28581,https://www.govinfo.gov/content/pkg/CHRG-115shrg28581/html/CHRG-115shrg28581.htm,,,,,,,,,,,
486,CHRG-115shrg38989,https://www.govinfo.gov/content/pkg/CHRG-115shrg38989/html/CHRG-115shrg38989.htm,,,,,,,,,,,
487,CHRG-115shrg26521,https://www.govinfo.gov/content/pkg/CHRG-115shrg26521/html/CHRG-115shrg26521.htm,,,,,,,,,,,
488,CHRG-115shrg29481,https://www.govinfo.gov/content/pkg/CHRG-115shrg29481/html/CHRG-115shrg29481.htm,,,,,,,,,,,
489,CHRG-115hhrg33359,https://www.govinfo.gov/content/pkg/CHRG-115hhrg33359/html/CHRG-115hhrg33359.htm,,,,,,,,,,,
490,CHRG-111hhrg33426,https://www.govinfo.gov/content/pkg/CHRG-111hhrg33426/html/CHRG-111hhrg33426.htm,,,,,,,,,,,
491,CHRG-115shrg27391,https://www.govinfo.gov/content/pkg/CHRG-115shrg27391/html/CHRG-115shrg27391.htm,,,,,,,,,,,
492,CHRG-115shrg33395,https://www.govinfo.gov/content/pkg/CHRG-115shrg33395/html/CHRG-115shrg33395.htm,,,,,,,,,,,
493,CHRG-115shrg39736,https://www.govinfo.gov/content/pkg/CHRG-115shrg39736/html/CHRG-115shrg39736.htm,,,,,,,,,,,
494,CHRG-115hhrg27975,https://www.govinfo.gov/content/pkg/CHRG-115hhrg27975/html/CHRG-115hhrg27975.htm,,,,,,,,,,,
495,CHRG-115shrg89104802,https://www.govinfo.gov/content/pkg/CHRG-115shrg89104802/html/CHRG-115shrg89104802.htm,,,,,,,,,,,
496,CHRG-115shrg26593,https://www.govinfo.gov/content/pkg/CHRG-115shrg26593/html/CHRG-115shrg26593.htm,,,,,,,,,,,
497,CHRG-115hhrg24675,https://www.govinfo.gov/content/pkg/CHRG-115hhrg24675/html/CHRG-115hhrg24675.htm,,,,,,,,,,,
498,CHRG-115shrg28424,https://www.govinfo.gov/content/pkg/CHRG-115shrg28424/html/CHRG-115shrg28424.htm,,,,,,,,,,,
499,CHRG-115hhrg24442,https://www.govinfo.gov/content/pkg/CHRG-115hhrg24442/html/CHRG-115hhrg24442.htm,,,,,,,,,,,
500,CHRG-115hhrg32380,https://www.govinfo.gov/content/pkg/CHRG-115hhrg32380/html/CHRG-115hhrg32380.htm,,,,,,,,,,,
501,CHRG-115hhrg29369,https://www.govinfo.gov/content/pkg/CHRG-115hhrg29369/html/CHRG-115hhrg29369.htm,,,,,,,,,,,
502,CHRG-115shrg38796,https://www.govinfo.gov/content/pkg/CHRG-115shrg38796/html/CHRG-115shrg38796.htm,,,,,,,,,,,
503,CHRG-115shrg25973,https://www.govinfo.gov/content/pkg/CHRG-115shrg25973/html/CHRG-115shrg25973.htm,,,,,,,,,,,
504,CHRG-115shrg40671,https://www.govinfo.gov/content/pkg/CHRG-115shrg40671/html/CHRG-115shrg40671.htm,,,,,,,,,,,
505,CHRG-115shrg26198,https://www.govinfo.gov/content/pkg/CHRG-115shrg26198/html/CHRG-115shrg26198.htm,,,,,,,,,,,
506,CHRG-115shrg36159,https://www.govinfo.gov/content/pkg/CHRG-115shrg36159/html/CHRG-115shrg36159.htm,,,,,,,,,,,
507,CHRG-115shrg89104814,https://www.govinfo.gov/content/pkg/CHRG-115shrg89104814/html/CHRG-115shrg89104814.htm,,,,,,,,,,,
508,CHRG-115shrg35339,https://www.govinfo.gov/content/pkg/CHRG-115shrg35339/html/CHRG-115shrg35339.htm,,,,,,,,,,,
509,CHRG-115hhrg32414,https://www.govinfo.gov/content/pkg/CHRG-115hhrg32414/html/CHRG-115hhrg32414.htm,,,,,,,,,,,
510,CHRG-115hhrg32978,https://www.govinfo.gov/content/pkg/CHRG-115hhrg32978/html/CHRG-115hhrg32978.htm,,,,,,,,,,,
511,CHRG-115shrg34341,https://www.govinfo.gov/content/pkg/CHRG-115shrg34341/html/CHRG-115shrg34341.htm,,,,,,,,,,,
512,CHRG-115hhrg27613,https://www.govinfo.gov/content/pkg/CHRG-115hhrg27613/html/CHRG-115hhrg27613.htm,,,,,,,,,,,
513,CHRG-115shrg38094,https://www.govinfo.gov/content/pkg/CHRG-115shrg38094/html/CHRG-115shrg38094.htm,,,,,,,,,,,
514,CHRG-115shrg28641,https://www.govinfo.gov/content/pkg/CHRG-115shrg28641/html/CHRG-115shrg28641.htm,,,,,,,,,,,
515,CHRG-115hhrg35373,https://www.govinfo.gov/content/pkg/CHRG-115hhrg35373/html/CHRG-115hhrg35373.htm,,,,,,,,,,,
516,CHRG-115shrg34036,https://www.govinfo.gov/content/pkg/CHRG-115shrg34036/html/CHRG-115shrg34036.htm,,,,,,,,,,,
517,CHRG-115shrg27425,https://www.govinfo.gov/content/pkg/CHRG-115shrg27425/html/CHRG-115shrg27425.htm,,,,,,,,,,,
518,CHRG-115hhrg33358,https://www.govinfo.gov/content/pkg/CHRG-115hhrg33358/html/CHRG-115hhrg33358.htm,,,,,,,,,,,
519,CHRG-115shrg30209,https://www.govinfo.gov/content/pkg/CHRG-115shrg30209/html/CHRG-115shrg30209.htm,,,,,,,,,,,
520,CHRG-115hhrg26905,https://www.govinfo.gov/content/pkg/CHRG-115hhrg26905/html/CHRG-115hhrg26905.htm,,,,,,,,,,,
521,CHRG-115shrg30106,https://www.govinfo.gov/content/pkg/CHRG-115shrg30106/html/CHRG-115shrg30106.htm,,,,,,,,,,,
522,BILLS-115hr6389ih,https://www.govinfo.gov/content/pkg/BILLS-115hr6389ih/html/BILLS-115hr6389ih.htm,,,,,,,,,,,
523,CHRG-115hhrg26495,https://www.govinfo.gov/content/pkg/CHRG-115hhrg26495/html/CHRG-115hhrg26495.htm,,,,,,,,,,,
524,CHRG-115hhrg27417,https://www.govinfo.gov/content/pkg/CHRG-115hhrg27417/html/CHRG-115hhrg27417.htm,,,,,,,,,,,
525,CHRG-115shrg26932,https://www.govinfo.gov/content/pkg/CHRG-115shrg26932/html/CHRG-115shrg26932.htm,,,,,,,,,,,
526,CHRG-115shrg32785,https://www.govinfo.gov/content/pkg/CHRG-115shrg32785/html/CHRG-115shrg32785.htm,,,,,,,,,,,
527,CHRG-115shrg37709,https://www.govinfo.gov/content/pkg/CHRG-115shrg37709/html/CHRG-115shrg37709.htm,,,,,,,,,,,
528,CHRG-115shrg26900,https://www.govinfo.gov/content/pkg/CHRG-115shrg26900/html/CHRG-115shrg26900.htm,,,,,,,,,,,
529,CHRG-115shrg28380,https://www.govinfo.gov/content/pkg/CHRG-115shrg28380/html/CHRG-115shrg28380.htm,,,,,,,,,,,
530,CHRG-115hhrg26904,https://www.govinfo.gov/content/pkg/CHRG-115hhrg26904/html/CHRG-115hhrg26904.htm,,,,,,,,,,,
531,CHRG-115hhrg30371,https://www.govinfo.gov/content/pkg/CHRG-115hhrg30371/html/CHRG-115hhrg30371.htm,,,,,,,,,,,
532,CHRG-115shrg24586,https://www.govinfo.gov/content/pkg/CHRG-115shrg24586/html/CHRG-115shrg24586.htm,,,,,,,,,,,
533,CHRG-115shrg26535,https://www.govinfo.gov/content/pkg/CHRG-115shrg26535/html/CHRG-115shrg26535.htm,,,,,,,,,,,
534,CHRG-115shrg38614,https://www.govinfo.gov/content/pkg/CHRG-115shrg38614/html/CHRG-115shrg38614.htm,,,,,,,,,,,
535,CHRG-115shrg26594,https://www.govinfo.gov/content/pkg/CHRG-115shrg26594/html/CHRG-115shrg26594.htm,,,,,,,,,,,
536,CHRG-115shrg30210,https://www.govinfo.gov/content/pkg/CHRG-115shrg30210/html/CHRG-115shrg30210.htm,,,,,,,,,,,
537,CHRG-115shrg29977,https://www.govinfo.gov/content/pkg/CHRG-115shrg29977/html/CHRG-115shrg29977.htm,,,,,,,,,,,
538,CHRG-115shrg30902,https://www.govinfo.gov/content/pkg/CHRG-115shrg30902/html/CHRG-115shrg30902.htm,,,,,,,,,,,
539,CHRG-115shrg26591,https://www.govinfo.gov/content/pkg/CHRG-115shrg26591/html/CHRG-115shrg26591.htm,,,,,,,,,,,
540,CHRG-115hhrg24325,https://www.govinfo.gov/content/pkg/CHRG-115hhrg24325/html/CHRG-115hhrg24325.htm,,,,,,,,,,,
541,CHRG-115shrg28798,https://www.govinfo.gov/content/pkg/CHRG-115shrg28798/html/CHRG-115shrg28798.htm,,,,,,,,,,,
542,CHRG-115shrg25027,https://www.govinfo.gov/content/pkg/CHRG-115shrg25027/html/CHRG-115shrg25027.htm,,,,,,,,,,,
543,CHRG-115shrg79104760,https://www.govinfo.gov/content/pkg/CHRG-115shrg79104760/html/CHRG-115shrg79104760.htm,,,,,,,,,,,
544,CHRG-115hhrg28306,https://www.govinfo.gov/content/pkg/CHRG-115hhrg28306/html/CHRG-115hhrg28306.htm,,,,,,,,,,,
545,CHRG-115shrg26915,https://www.govinfo.gov/content/pkg/CHRG-115shrg26915/html/CHRG-115shrg26915.htm,,,,,,,,,,,
